-0.04374772125999016
0.2172983906800141
-0.21443095255000344
0.05970330123000167
0.1492061800800002
-0.06591984652999372
-0.18071878760997606
0.13859440819999236
0.013683856770001057
-0.33888692888001515
0.00020922439000514714
-0.1473501258499823
-0.018031835970020893
0.579591988920015
-0.1446437368300053
0.5155659162700204
0.3655653750699912
-0.029283638379979493
-0.08365925185000833
0.20269643517997338
0.13270859797000867
0.07478961663997552
-0.06172456733997933
0.26018217992998416
0.43632691999999906
-0.2425128844399751
-0.17118498439998575
0.13682359772997188
0.8947891123499971
-0.2879404985100109
-0.06912185268998883
0.27513775195001244
0.14321776129997943
0.21193240741001773
0.2588140301099884
-0.1083119386199769
-0.3104032351899946
-0.08693494075998842
0.10700427013000535
0.16806616487997417
-0.30579738274997226
-0.1701679265399889
0.6676146402400036
-0.146537762749972
0.03789962554998283
-0.29409671250999736
-0.31722207797997726
0.1586108067900227
-0.09501192591000063
-0.03100103837999768
-0.2481980697099857
-0.054110427969987995
-0.12786590168002476
0.3381464640800118
0.2957359366499759
0.03193628712000418
-0.04642575358002432
-0.46108839607001073
0.5146938621600157
0.13018362346002732
0.6205068239900129
0.2417760127700035
-0.17932864315997676
0.24945410211000763
0.3877819130000262
0.8126521719299831
-0.13798298480998028
-0.19764856611999448
-0.1785687143799919
0.4148452113100234
0.2530584221800041
0.42241234023998686
0.01934776442999464
0.06511676359997409
-0.052886869260021285
-0.1163113938300171
0.3979351579999957
0.22471645619998526
-0.1334504119000144
0.0347410262700123
0.40968129957997235
0.26703229362999537
-0.2613120413699903
0.2814992680300179
-0.03282920065998951
1.1073811239099882
-0.5493820786600168
-0.07862159577001648
-0.01690399195001646
0.2986487796000006
0.035703782409996165
0.32417587982001805
0.13420598525999594
0.1305466763499794
-0.16716011804999198
0.3250442895899823
0.1429353402199922
0.5993924691999837
-0.11680006800997944
-0.06922788918001288
0.02883932165997294
0.060244314340025085
0.20414712688000236
-0.03381043590002264
0.07304744820999076
0.1093843838099815
-0.02491440024999747
-0.25713689974998033
0.3228257228399798
-0.005420535180007846
0.25184509551002066
-0.12550244269999666
0.006233533830027227
-0.05350212475002536
0.053616665060019386
-0.17752485055001443
0.03995613146997812
-0.22910284456997942
-0.04482033563999721
0.28044982369999616
0.21721264896001458
-0.33204796276999105
0.5503542390000007
0.48447759346998964
0.20501206134997574
0.04092395540999405
-0.08440822986000285
0.6381282397200039
0.029283590409988847
0.0970884253400186
0.003335899639978379
0.18719446991002542
-0.09091997801999696
-0.22196834730999626
0.28151142353999603
-0.04888164919998417
0.023081436210020456
0.185254288130011
0.014996428390020355
-0.21486231839998027
-0.12645103942998048
0.03400726754000516
-0.02909296589001542
0.3850591223700235
0.22067441779000774
-0.010627797639983783
0.5876381205699772
-0.06850119386001552
-0.1741237243500109
-0.052818467540021174
0.18730230983999263
0.28050292433999857
0.2772407671300243
-0.06679203994002592
0.17723255037998342
0.5289831069699744
-0.2515591633600138
0.045269157199982146
-0.21207911032001903
0.20349919599999566
0.20002157226002737
0.0534960043700039
-0.04968180304001635
-0.023817821789975824
-0.03459904190998486
0.00825756871000749
-0.0053479585899935955
0.034855851210011224
0.14913120902997434
0.056112629639983425
-0.039237762750019556
-0.2341070465100188
-0.207236760030014
0.17569276043997206
0.27344952631000297
0.17016238112000792
0.17063545274999115
0.19040734015999305
-0.28330036672002734
-0.03838758316999247
0.7662765202600212
0.01528722090000656
0.030829076070006067
-0.15575017344997377
-0.1917321246399979
-0.028862287649985774
0.0601109251800267
0.270714378560001
-0.14211199791998297
-0.09091464459999088
0.2584333666400198
0.00581988482002771
0.33126801495001246
-0.03406330993999518
0.23000422210998295
0.20285723688999724
-0.018413518570014276
0.17303370042998267
-0.1308930688600185
0.12934025405002103
-0.01205160542002659
-0.1747625118100018
0.17560158241002455
0.1630260359299882
0.1853756224800236
0.3344252640599734
0.15286473400999512
-0.2099976024200032
-0.011436336929989466
-0.03966900291999309
0.1831284143099765
0.2870905984199794
0.20755727916997557
-0.33189748489002113
0.049113998599978004
-0.11983825700002626
0.28171209976
-0.08771145267002112
0.06505857744002697
-0.00425030414999128
0.06906217226998024
0.2175944068200124
0.27868254662001846
0.32926390660998095
-0.12475154704998204
-0.032763211399981174
-0.11234517148000123
0.06732033169998886
0.34858218150998255
0.14433496205998608
0.15756917052999597
-0.22389032994999525
0.37161744783998074
0.04878233189998582
-0.09337620838999783
-0.09803838410999788
0.20878432581997686
0.0440129205400126
0.18570671216997425
-0.1987235972899839
-0.2293698693400188
-0.1719020467600103
0.11110908897001082
0.32866934567999806
-0.015276018219992693
-0.10232375929001591
0.18598282007002354
-0.10260644722001189
0.37736711597000294
0.3000974933700036
-0.10397814813001105
0.2203731917800269
-0.1851441487499983
-0.0291676519599946
0.5464040874099965
-0.04177694719999181
-0.03348248719998992
0.1703980229299873
-0.03964640340001324
-0.008132197790018836
0.010969867340008932
0.005958757929988678
0.07104406246997996
-0.016456450179987314
0.020744524650012863
-0.2847940941099978
-0.13134094358997572
-0.2936029263900082
-0.07450225331001548
0.6225965370600193
-0.1232372290199919
0.4106868320000103
0.31766452465001294
-0.07561127209999086
-0.10081414838998626
0.1843900375200178
0.14302778900997737
0.14596199418002698
0.08965330506998725
0.021713612359974377
0.37288596511001515
-0.23400566254002797
-0.2547539029200152
0.14455737041998873
0.7410718481700087
-0.24455127431002666
-0.1635228203400061
0.4235147506599901
0.15587218772998312
0.10183538827999428
0.2896420538900202
-0.10409793341000295
-0.17825918588999912
-0.04882447569002579
0.0385604602499825
0.0014349200799870232
-0.2767200429499894
-0.1124986708099982
0.5033145241799843
-0.08264521157997251
-0.017410064889986643
-0.3266741507500228
-0.3374745744500274
0.37893421821001994
-0.1594119554599729
-0.013222088039981372
-0.2627362102899724
-0.045713327080022736
0.07330819459997429
0.48253379794999773
0.3540730849799729
-0.05776804264002067
-0.06866891039999246
-0.3293863819400258
0.3766895784600024
0.0487146985100253
0.7668841648899729
-0.07753234347001126
-0.016858909359996233
0.25805753022001454
0.10385204439000972
0.5791268442899877
-0.02819763379000051
-0.2289586162399928
-0.06225716097998202
0.30469560377002836
0.18587480576002235
0.23323586897998894
-0.15082389728002
-0.04431451188997926
0.2786443339700213
-0.1249464782200107
0.2763994664700249
0.1295316966500195
-0.05947205103001352
0.10374400107002657
0.43644896632997643
0.391724474440025
-0.3601209083699928
0.27877551453002525
0.19357997327000476
1.5845271818499782
-0.5215028880299997
0.16273082863000354
-0.07951421809002568
0.07945457009998336
0.17906894481001245
0.46266167212002074
0.1836981524299972
0.11342865811002412
-0.1410471478499744
0.7804529247500227
0.3552888664199827
0.2790866628999993
-0.2690530652999996
0.07248676706001334
0.11706712755000126
0.06029754853000213
0.3348429081800077
0.13049460244002375
0.1398986158100115
-0.08090938878001452
0.19744327575000398
-0.2368441196200024
0.43070847259002676
-0.1653338068600192
0.16236917644999949
-0.061193639550026546
-0.08870623079002371
-0.05142162030000463
0.115346251630001
0.024909896489987204
-0.11818275989998028
-0.2627655152300008
-0.09549293817002535
0.47301287999999886
0.05132793132997904
-0.3263085659099829
0.584812622520019
0.5776165885599767
0.08838705560998505
0.209970513939993
-0.043971907380012
0.5135554263899849
0.19482286467001586
0.13161451258997658
-0.07410314210000024
0.1198869963699849
0.05845661985000561
-0.25655124510001315
0.4777241481199894
-0.04401515419999669
0.05077146266000909
0.15989756469002714
0.15161517626000887
-0.2001242392000222
-0.17601695543999085
-0.008321118460003163
0.15774406918001205
0.5685853737999764
0.08267873757000643
-0.12840390178001826
0.4311490878799873
-0.07083386672002234
-0.33590855847000967
-0.16080591559000368
0.32130209995000314
0.1951477896200231
0.07178178730998752
-0.04322690318002742
0.03085636715002238
0.599676951570018
-0.06154286451999269
0.053489566150005885
-0.2515616836399772
0.28960542481001994
0.2967647337100061
0.051457444499988014
-0.13891403242001843
0.06529004154998574
-0.0028117864300156725
0.033238353579974955
0.029036245220027013
0.012307948959971782
0.09953841789001672
0.05146779105001542
0.06946267209002599
-0.04142448415001354
-0.21492881148998322
0.48065203631000486
0.20540533556999208
0.1832535104600197
0.17904388157000994
0.10842041259002144
-0.193799965720018
-0.19273908713000765
0.43084417624999105
-0.08765415725997627
0.3826603415399745
-0.15073394364998194
-0.19751290601999472
-0.11755097451998608
-0.05510645357998101
0.16833982832997663
-0.1842568000200231
-0.2114108884700272
0.24381688660997725
-0.03044393637998155
0.1846527909600013
0.045037271760008935
0.08907564446002425
0.21669022822999295
0.014855254140002216
0.11891668177997872
-0.049980924869998944
-0.02869781305997776
-0.06303996525002731
-0.07148729536999099
0.202497464759972
0.18854196982999838
-0.07988753136999094
0.1636555315200212
0.10734536477002621
-0.16391724418002696
-0.01680050883999229
0.048445503970015125
0.16373096272002385
0.23228797668997458
0.2631941907000055
-0.20923727054997698
-0.12266000792999421
-0.12052596106997271
0.32751297243999034
-0.07725517944999183
0.206157496310027
0.211892992160017
0.07205916646000787
0.23128294994000953
0.10957806482997512
0.09946551015997329
-0.11178473763999364
-0.031088149210006577
-0.08293413566002528
0.056836093039976276
0.2969720465000023
0.15625500990000774
0.20873720637001725
-0.1181244532900223
0.37534825224997803
0.047833511149974584
-0.05132224783000083
-0.09363104801997224
0.23065801061000002
0.13362922303997493
0.12237341221998577
-0.09657176088001052
-0.2277531093599805
-0.16198296444002835
0.06812096941001755
0.4415043504699838
0.051203645139992204
-0.24388091707999138
0.26483348250002336
-0.06563966334999805
0.17468844540002237
0.30950877044000435
-0.11717317943998751
-0.033432173339974725
0.03012347777001878
-0.055979378579991135
0.6362547668700245
0.10489278759001763
0.10374151384002062
-0.006082003829988025
0.1370853192299819
-0.11657254412000384
-0.09678156451002451
0.14893791063002482
0.3081739072899836
0.15802610486002777
0.1619128248700008
-0.06630263910000167
-0.26101803733001816
-0.2896283092999852
0.056754254280008354
0.34523967149999635
0.01316018162998489
0.2825048013700098
-0.006774542370010295
-0.22939765628001396
-0.048072208209987366
0.20362075450998418
0.05745571184002074
0.19328990064997242
0.2055482068000174
-0.07830365001001383
0.10264502196997682
-0.09084213334000424
-0.2536752595299845
0.16092205142001603
-0.147495413979982
-0.021758642819975194
-0.10607610855998928
0.49620547079001653
-0.05443984906997912
-0.19554951607000248
0.5265191181200066
-0.16284983706998446
-0.03632769107002787
0.38755825231999097
0.02673921711999583
-0.08431876834998775
-0.25120681044001003
0.048378952770008254
-0.0891828975700264
0.09357266402997766
-0.022742999589979718
-0.30459177522999425
0.024434465559977525
0.22574213143997213
-0.19261480567001854
-0.19058315490997302
-0.02070976987999984
0.08663556282999707
-0.22614459940001552
0.5488300545300149
0.09606034500001215
-0.12256758681002111
0.001691124670003319
0.5756238229699875
-0.013398907520013381
-0.1430380802800073
0.3275354708000009
-0.18101891170999806
0.1721988661299747
0.2925623983200012
-0.2772654159500121
0.006989303890009069
0.1667484612599992
-0.26280914956998913
-0.05041863198999863
0.11000403132999281
0.15168066784997336
0.03922819863998939
-0.11378999829997838
-0.15843091557002253
0.646157296689978
-0.043794497850001335
-0.13993514262000417
0.08968487780998657
0.27576886329001127
0.028215550809989054
0.08804078358997458
0.6206337323100115
-0.2182270626900049
0.3604271088399855
0.36470243863999485
0.782982386179981
0.24972214389998726
0.718516898339999
-0.10865739932000906
-0.27697223440998187
-0.0015226046199927623
0.26788326414998664
0.20645375123001486
0.05190920969999979
0.0321899101300005
0.6993677036300028
0.2504928793600243
-0.07816360288001079
-0.24426652591000675
0.06549927202001982
0.43905630611999413
0.2485325076099798
0.349924079410016
0.20577374099997314
0.22375745253998502
-0.12695195183999886
0.5301043156600258
0.0023973403600052734
0.25877059657000245
-0.16604624437002258
0.14505144547001692
0.08610112582999818
-0.10446737410001106
-0.02858281352001768
0.1739696379399902
0.4558765135799945
-0.04125434966999819
-0.12852868943997464
-0.04096049567999671
0.11648601504998624
0.025723961539995344
0.05395338507997849
0.3032599578299937
0.3246648155699745
-0.00582686612000316
0.4480517901200187
0.06386464398997305
-0.011374787959994137
0.6913663304600277
0.04738604024998949
-0.09358137239001962
0.07287000472001637
0.16935514384999806
-0.18755162364999478
0.588276919000009
0.10287103419000232
0.15407195930998796
0.016854884810015847
0.5529124301600064
-0.07031329115000062
-0.3611447620900208
0.02729208648997883
0.44166696959001683
0.259982674640014
-0.18525642370002515
-0.2229021831000182
0.009168915970008129
0.24087526587999264
-0.3971056735099978
0.015090696699985529
0.20895836836001536
0.13741945995002425
-0.01959325025001135
0.03443717701998139
0.19697616347002622
0.6159095494500093
0.25648520627999005
0.24894064914997216
-0.18070871495001484
0.4369585231900146
0.33872508352999375
-0.0030860646400014957
-0.16180822352998803
0.038036165560015434
0.002604288999975779
-0.2426799803000108
-0.1339609328899769
0.005975982499990096
0.17161793363999323
0.5211227166599883
0.4102630810199912
0.0863541099899976
-0.2209377800099901
0.2959685317600247
0.20021133922000445
-0.027771681109982183
0.18506394496000667
-0.13167386365000766
-0.2039880306300006
-0.3291874197100242
0.07615105351999318
0.03564090273999909
0.5805102203800061
-0.1771243882499789
-0.06441126698001653
-0.2046078766500159
-0.2161616350099962
0.005256733780015566
-0.1023874685699866
-0.34909341189001
0.2725660066699902
-0.19425880057997347
-0.13136015123001243
0.3465670923999937
0.04381664090999493
0.10744976784002347
-0.04415243744000463
0.034712753880000946
0.21819782932999487
-0.24562018025000043
0.12340692412999488
0.10699409810001725
0.05432688588001611
0.21595393501002036
-0.212860997569976
-0.06866334408999819
-0.05021980697000572
-0.09168480756000008
0.15636567526001954
0.4811041602500268
0.2211216648699974
0.0878871240200283
0.18107809613002246
0.11019924981002305
-0.2786247803800279
0.1498835549500086
0.29685113181000133
0.07785400035999146
0.2788205304199778
0.24279598347999354
-0.21359595647999186
0.21302277316999607
-0.15017427912999892
-0.021044751889974123
0.15425364381002282
-0.11789489031997391
0.11769596456002773
0.01845715811998616
0.10065705275002301
0.01716343944997334
0.07396114906998719
0.09039320972999576
-0.1094909524200034
-0.19456331742998145
0.2729919758400001
0.22443861922999986
0.11910943087997339
0.47885158461002675
0.003101711589977185
-0.1018721038499848
0.0879857639599777
-0.18141121483000688
-0.11744921518999263
0.41189158252001334
0.12206706964997238
-0.33232534835997285
0.3724079058999905
-0.12855737270001555
-0.33653016104000244
0.21928950600999997
0.013334975240013591
-0.4234183614499898
0.18884508601001926
0.15585366843998827
0.6774980476599808
0.3511207153899818
0.1745298349200084
0.05517523715997186
0.08927318914999205
0.0013354547299968544
-0.02281389203000117
0.0570386847199984
-0.09338781357001835
0.17051466235000134
0.12652610240002105
0.1846935113200061
-0.07243404545999965
-0.07566046327997356
0.12925015538002071
0.08154123673000413
0.1462404028999913
0.19237422247999802
-0.2958703566100098
-0.2944988716699868
0.07615082653001082
-0.14894543026997553
-0.007262601830007043
-0.01706546649000984
0.03410100194997767
0.05275558758000898
-0.06887813248999919
0.023250199209996936
0.10482395691002466
0.3638590290099728
-0.344019396449994
0.1099416731399856
0.12344770926000592
0.14997398311999177
-0.02770659597001668
-0.14232286905001956
0.5858911607999744
-0.10820213677999391
-0.20218777530999432
0.6977742056100169
0.04632381174002376
-0.02261463894001281
-0.315156751289976
0.10334710135998648
-0.2434106394100013
0.16563868233998846
-0.11073569588000964
-0.2149087384900099
0.21640784423999548
-0.05822461746998897
-0.1648215225000058
-0.1500813388199731
0.18715966371001969
0.23162321095998095
0.0879172462800284
-0.022531469459977416
-0.04342179970001325
-0.007338791649999621
0.42773673772001075
0.8809978574000183
-0.16422160132998442
-0.14250809057000424
-0.06064327676000403
-0.023106598340007167
0.09396212483
-0.044730468650016064
-0.020562036589979016
-0.17217626225999538
0.09084681233997571
0.013982388249985434
-0.2071755820099952
0.41122474295997336
0.1666417265499831
0.04670966690997602
0.05525436195000566
-0.050850840939972386
0.14937573637001833
0.025812008180025714
-0.28577889945000834
0.15474153878000152
0.35272587347998297
0.016371920379981475
0.10132142904001284
0.34239080395997235
0.05182446865001111
0.3265432933999932
-0.10422042622997196
0.07274660439998115
0.6840117244900057
0.538353414860012
0.2378293447899864
-0.2587098618799928
-0.19715437311998585
-0.0524396009699899
0.1056502422799781
-0.02006917417998011
0.1034473750800089
0.09348969411001917
0.278227182189994
-0.18849561638000978
-0.1434127586999807
0.016874391619978724
0.5960751135199871
0.5615174213800174
0.2514355723399717
0.015348984939976162
0.4218557096399991
-0.03021819683999638
0.30881618173998504
0.009505262319976282
-0.042575933939986044
0.01876709590999326
0.24323853753998037
0.02936258674998271
0.06912240141002712
0.03972801595000419
-0.05573348574000647
0.2533458503299926
0.26556440771997813
0.036883875180024006
0.2911627185200132
-0.24156475538001132
-0.08276003178002611
0.3631881820800231
0.2775311563900118
0.01659736228998554
-0.04626198104000423
0.32662465345998726
-0.12216821968002023
-0.012126096939994113
0.507380773010027
0.33774112037002624
-0.21490350271000125
0.20654424944001448
-0.03191727067002148
0.0034424822400183075
0.10653056373001846
0.2881536234800137
0.058649190980020194
0.2758868062600186
0.4076007503700225
0.07260963989000402
-0.3776281637299803
0.21872547074002568
0.46127032376000443
-0.21221390839002652
-0.27184142384999177
-0.15232005761998835
-0.08961779373998979
0.5388047277400005
-0.13298970979997193
0.41060568043002377
0.04491659744002163
0.17124900169000057
0.27418631844000174
-0.09284071078997158
0.5567538688200102
0.6319346283700042
0.35446533033001515
0.34925985042997354
-0.11658946492997302
0.17670704184001806
0.1781196240399936
-0.025173284979985056
0.027266349499996068
-0.09502626033997785
-0.15617898481997372
-0.1833106192399896
-0.34284307275999026
0.12457940562001113
0.168522113229983
0.6403221951600244
0.408340704240004
-0.0146442449999995
-0.0029634434999934456
-0.06831954262997897
-0.098627013310022
0.1925699308699791
0.21264212605001376
-0.19132493813998508
-0.20287696843001868
-0.1855071840299729
-0.015617787400003635
0.4848558001399965
0.10374481828000626
-0.25026933094000015
0.18000487423000777
-0.07957137365002609
-0.20252348401999143
-0.09855397170997549
0.12094215093998173
-0.0992542044400011
0.2903153280000197
-0.22048154963999878
-0.24551193199999943
0.3908527693599808
0.0844999223099876
0.21966414243001964
-0.23010770804000913
0.14675059051000972
0.3769164651699839
-0.22660218572997337
0.12321632378001368
0.03184918127999481
0.1880935435700053
0.042819221530010054
0.16824665432000074
-0.11867001762999507
-0.012830444799988072
-0.21940207385000576
0.5467374241699758
0.22803771280001683
0.49762359279998236
-0.05370860737997418
-0.006455721189979613
-0.026104180930019538
-0.17167946359001007
0.6689930674900211
0.2335557386400069
0.26535340588998224
0.2800803706899728
-0.037171245980005096
-0.14444942324001886
0.13876242652997917
-0.09461652745000038
-0.1447398130100055
0.48157712342998593
-0.1879770712599793
0.40511502562998203
0.12747526338000625
-0.023726202139982888
-0.11204971230000638
-0.10482943373000353
0.20763425517998257
-0.2394740395000099
-0.27241523943001766
0.4176592609500176
0.1925136630400175
0.002032992000010836
0.3070736326400265
0.20815272938000362
-0.22658662876000335
0.5967057910099811
-0.09674530077001009
-0.2863768988599986
0.213807334409978
0.05414735266998605
-0.2242526433399803
0.3012549471699799
-0.16693252033002182
-0.41428787743001294
-0.08968582291998928
0.0781745023999747
-0.38881806402997654
-0.1092299478900145
0.45893932689000394
0.42102730798001176
0.10855312541002604
