0.96322519 0.07361383 -1.2901002 2.7054198 -0.37998948 0.7296595 -0.67560023 -0.60087717 0.77513272 0.10309609 -0.83246773 0.94172746 -0.62447149 0.59021795 0.70800221 1.1726102 -1.0560228 -0.59253979 -1.0200906 1.583205 -0.76026165 2.1239059 0.76398963 -0.70000416 0.23901972 -0.13160658 0.031452987 0.70935869 0.80545563 -0.084892593 1.9943984 -2.160152 -1.7635987 0.81490743 1.3007694 0.42922693 1.3665825 -0.72768188 0.57354146 -1.8475353 1.4267855 0.97960556 
0.78108788 0.91814524 -0.85370332 1.2757046 -0.8695966 -0.85384542 -1.2027825 1.0829843 0.28597882 1.3942653 -0.26082417 -0.9673329 0.25350535 1.4075373 0.9689489 1.3805945 -0.68801671 0.070158862 2.2386649 0.12904552 -0.20679381 -1.7454915 -1.1316919 0.082395695 -1.746212 -0.29635695 -1.3821795 -1.930479 -1.4824928 -0.48785225 -2.4326842 1.6557579 -0.75896442 1.7559253 0.97428113 1.052026 -0.51075387 1.3374312 0.54467893 -1.1193745 0.34205663 -0.29193118 
0.81401139 0.71908295 -0.56603831 0.23743738 0.52921855 0.094047017 0.25632456 0.17764743 1.3999963 1.2103972 1.0820115 -1.0097123 0.82142925 0.51309651 -0.20283414 0.65988225 -0.11678144 -0.63114274 -0.54015458 -1.9050888 0.51700592 0.015917514 -0.86723775 -1.2123605 -0.62871772 -0.82968974 0.34185955 -0.66298658 1.8935968 -1.2101361 -1.4176219 0.18977699 0.7609207 0.68189877 0.40863085 -0.2748436 -0.56699961 0.58183843 1.0790393 -0.82175726 0.90564579 0.71740413 
-0.74572045 -0.7853179 0.81063002 -0.051001459 -1.1554701 -0.24093573 0.5160017 0.16841033 1.1283184 0.99974608 1.5882548 0.42287973 -0.58919799 -0.27065462 0.81166804 -0.14306833 -1.2297502 -0.42273968 0.52763653 1.5916152 0.69407839 0.27600312 2.5609279 -0.057360392 0.64997435 -1.0956059 0.75452203 -1.3054603 -0.14998271 0.43471503 2.6000562 -0.86684138 0.68353146 -0.68373942 1.9567111 -0.019964729 -1.0573477 0.12203995 -0.42741832 0.26512367 -1.1357362 -0.13344908 
-0.8930943 -1.3923796 1.2463685 -0.52431047 -0.84657359 0.053194318 -0.4363862 0.4174346 -0.89755011 -0.083482556 1.2350783 1.6058152 -0.0058856686 -1.4064209 -0.97271937 0.0050188079 -1.5499686 -1.2639713 -1.4040544 -0.35517773 1.9983168 -0.28243986 -0.25964707 -0.020894933 0.47627938 -1.1797363 -0.20421171 0.10566153 0.098503537 -1.7750733 -0.58792746 0.36762318 0.3828133 0.56423402 0.28833631 -1.1502076 -0.18495926 -1.4107209 1.3337556 0.30738965 -0.70732582 0.31825772 
0.22161648 -1.5432657 0.76120704 0.23267229 1.1099223 0.21232463 0.46621922 0.61755586 0.57946128 -0.76600611 -1.5084566 -0.77937645 -1.3884952 1.3900955 -1.0274184 0.52265781 -0.19598939 -1.263654 0.40974736 1.0559042 -0.28241342 -0.17888923 1.3334485 -0.35917979 0.774014 0.19575115 -0.60024923 1.5946138 -0.029493168 0.74284166 1.9827198 0.41810179 0.47177944 -1.228968 1.2255843 0.90487903 1.166923 0.055875458 -0.66708708 2.4829173 0.52496463 -1.4226005 
1.6142957 0.094045915 -0.23274341 0.91666228 1.2724034 -1.2222624 -0.50747752 1.2274796 -0.75349039 -1.0977725 0.97472483 -0.058681261 -0.90553331 0.020253787 0.47369283 0.31531909 -0.0902358 -0.081931971 1.2476642 0.58106476 0.8119933 0.88366067 0.58425361 0.15167372 -0.94977474 -0.36332628 0.16661961 -0.92774588 -1.3547027 1.6183828 -0.65631783 0.87970555 -0.64237618 1.1785704 -0.29203302 -0.35288996 0.82301986 -1.4109753 0.47383514 -0.23508008 -0.7132057 0.50418419 
-0.5832721 0.98406893 -2.9874511 0.13802925 1.1852762 -1.193004 0.0906213 0.031803258 -2.0286956 -1.1958957 -2.3665981 -1.1897248 1.2653872 -2.2549832 -0.96031559 -3.6999893 -0.81832123 1.0491278 0.34965062 0.11404724 -1.1404711 -2.0832295 -0.33522862 1.5644462 -0.39524725 0.29479104 0.73658043 1.2252085 0.63737994 -0.6937415 1.1856184 -0.044490069 1.0642111 1.3004438 -0.53431463 -0.30549616 0.080852821 -0.89085573 -2.0154657 -0.98554212 -0.8126862 -0.73130894 
-0.62442201 -0.38829148 -0.54980153 0.19544671 1.1495407 -2.2312746 1.1584387 -0.27785012 0.12612242 0.7440244 -0.84959632 1.8543586 -0.43614212 0.24388796 1.7801213 -1.2626977 0.52479869 0.81013572 0.36340523 1.0339398 0.40130639 0.52713072 0.51640791 0.44044763 1.0676056 -1.0907382 -1.3346201 -1.6008583 -1.6144073 1.0565373 -2.5136044 -0.3918764 0.40336832 -0.20264123 -0.35105881 0.19245452 0.88306898 -0.95432043 0.87336898 0.57090914 0.035543185 -0.44601288 
0.39669719 -0.89391422 -1.3232607 1.1278465 -1.2375555 -1.7363436 0.31200588 -0.44274679 -0.6998567 -0.31222779 -0.38883638 0.58164793 -0.50806123 -0.41072831 -0.20505455 -1.107399 0.740556 1.0338703 0.010363682 1.4581716 -0.73611665 1.6910031 0.19020112 0.79998553 -0.22399859 1.2548771 -0.17335197 0.58080059 -1.0316789 -0.88073981 0.32174358 1.3104863 -0.45952743 -0.41905433 -1.2039753 -1.1056819 -0.087676689 -1.2722031 -1.0291725 -0.69067848 -0.48775461 -0.62555242 
-0.55456287 -0.45720232 0.57890916 1.1737864 -0.43416509 -0.8649435 0.53096479 1.7509565 0.42095092 -1.3345673 -0.31709662 0.22681919 -1.4100914 -0.64730287 0.37540209 -0.76860625 -1.2045676 -0.17467357 -0.48180854 1.2584722 1.1133907 0.94183379 -1.4852252 0.47344518 -0.45667902 -1.6729347 0.11009634 1.0011957 -0.08920797 2.1487689 -0.68724084 0.67005324 0.27056387 -2.2376447 -0.94978464 -0.23216003 0.37606442 0.10305847 1.4885771 0.23213209 -1.2144549 -1.2268035 
0.77972788 -0.35579407 0.12066071 -0.24885556 0.64556706 0.51666498 -0.2163288 0.52985954 1.9269602 1.8700892 0.27893966 0.34642538 1.3454504 -0.8995778 -1.2572401 -1.1834784 0.038169868 -0.3514019 1.7929159 2.1042266 1.0391735 -0.81495732 0.57398516 0.19527815 1.0168555 -2.5495999 0.50889415 1.0734018 -0.007069523 -0.26101992 -0.67377263 -1.4321384 1.4285645 2.0975752 -0.29067776 1.0107955 -2.3440404 -0.15230267 0.6103788 -0.288268 -0.51564616 -0.87583476 
2.277076 1.4422262 1.1410018 -0.082416721 -0.34153393 -2.4331989 0.51352298 -0.60724622 0.35888639 0.26861906 -1.5524402 2.3976264 -0.61320192 0.31196192 0.5423665 0.13015252 1.054458 -1.0065056 0.55255264 1.2813154 -0.19386519 2.1521575 1.1659775 -2.1458008 -0.89537215 -0.14254621 -0.94607395 -0.48702541 0.19831771 -0.33470237 0.38439459 0.23687497 -0.48013395 0.7254256 -1.1536615 -2.0511119 -1.1801434 -0.40800977 -2.1599956 0.31450576 -0.70714724 -0.13219294 
0.40504548 0.141837 -1.6807942 0.1315642 -0.16307312 -0.33308882 -0.050623089 -2.2335825 -0.01340546 -0.51742309 0.3361187 -1.7871602 -0.098383471 1.4043081 -1.5015553 1.6128579 0.36372429 -0.60269094 0.31049642 0.032680772 -0.044321738 -0.99429542 0.44939455 1.9886994 -1.5542856 -0.61093646 -0.22832005 -1.4386224 -2.0115602 1.3960284 0.9266718 -0.59616119 1.9725617 0.29273543 0.12476011 -0.17027897 -1.4875185 1.0516285 -0.47244003 2.1562304 0.066434592 1.6281013 
-1.4831077 0.52143657 0.16632113 -0.20157652 -0.36420131 0.26931939 -0.57009548 -0.28232324 0.60900027 -0.20864864 -0.84816539 1.0835799 1.1136272 2.0804973 -0.31372955 0.36102268 1.0437123 0.30546939 1.4040018 0.56651551 0.51930898 1.1924602 -0.15698914 0.62881309 -0.16253161 -0.53519607 0.060934864 0.24787778 0.26234886 -0.022080004 -2.4839339 -0.86585546 1.6002918 0.27288663 0.77476585 -0.65937245 -0.83817601 1.3976752 -1.2562952 -0.10076454 -0.53534544 0.0026666354 
0.46409819 -0.47650731 -1.6773559 -0.33103308 1.0506631 0.27469355 -0.95979887 1.0379854 1.913359 -0.076890327 0.85465729 0.1869836 0.38922727 0.3039149 0.065599628 0.18128026 2.0846403 -1.3469758 0.77968049 0.37954494 -0.3504726 -0.46637285 -1.1318527 -0.29352209 -0.65005887 1.9328377 0.76617765 -0.10665803 0.40787664 -0.29230285 -0.41707069 0.078192398 -0.83578509 0.50669086 -0.93697762 0.7118116 -0.99745071 -0.44916067 -0.63137174 1.1707517 -0.41262457 -0.96762776 
0.15136594 0.19666798 1.6182377 0.36741483 2.2325821 0.099607855 2.1321955 -0.48597127 -0.79445684 -0.24931194 0.92798966 -1.7360396 -0.6865049 -2.525461 0.91478962 0.81358242 -0.091706358 -1.6827387 -0.97923791 -1.1613129 1.9193155 -0.66950667 -1.1750352 -1.3101904 -0.76090169 0.057267126 0.43472266 0.37720907 0.07928247 0.16286202 0.69893557 0.11910184 -0.16879934 -2.430948 -1.2763494 -0.72196501 0.25014654 1.1495763 -0.56646585 1.1627096 2.6841724 -0.26918349 
-2.2035236 -0.37014803 -0.18884979 1.0331942 0.8051607 -0.030318152 -0.44729412 -0.099061079 -0.78305823 1.0403911 0.40732574 -0.40815541 -1.5936379 0.57571322 -1.5490323 2.0581796 0.11655912 0.62008268 -0.81248558 0.79190117 0.52897811 0.15233225 -1.704581 0.53517562 -2.1459877 0.66012031 -1.014343 1.4328028 -1.4026934 -0.35079405 -0.03023481 0.056829397 -0.3938607 0.11795466 -0.045519505 -0.15540066 -0.95193785 -1.0626049 0.8286075 0.31251448 -0.61303788 -1.2724068 
0.76129246 -1.4078733 -1.5403758 -0.51516432 1.787622 -0.087896578 -0.82827055 1.8046969 1.1623403 -1.352178 1.1093974 -0.67383939 0.61316508 0.53184223 0.03954925 -1.3649305 0.9861809 1.365355 2.7605412 -0.33202893 -0.46166807 0.2380265 0.6217894 0.17519911 2.2259774 -1.1191059 -0.70835108 -0.57310086 -0.01126944 1.2287798 0.3939018 -0.86019033 -0.66095847 0.63035882 1.7179224 -2.4692287 -0.067968555 -0.86593682 0.11599636 -1.3801376 -1.5144131 -0.1996291 
-0.20865878 -0.76787949 -0.46454546 -0.23018669 -1.5698701 1.699589 1.0332352 -0.70357609 -1.1179127 -0.70883715 -1.1503377 1.8656741 0.44128397 -0.29613683 0.87258583 0.75971729 -0.079141177 -1.9402925 -1.7845237 -0.52691269 -1.4174482 -0.6174438 -0.66970223 -1.7847474 0.23102631 0.011196426 -0.74602163 -0.97313827 1.6865406 -1.1459035 0.30094442 1.5319052 1.1220937 0.16023025 -0.33056828 0.095073938 0.82645828 -0.052667279 -0.00057870307 2.06565 0.76722902 -1.3914868 
-1.1612816 -0.55256557 0.78696066 -0.41810095 0.77527237 -1.4428593 -1.9064486 -1.7210954 -1.5335165 0.98687524 2.3949299 -0.5501765 0.38422611 -0.63212782 -1.5671488 -0.68782902 1.3202474 1.3751169 -0.1094295 0.63376719 -0.326379 2.1187103 -1.7900184 -1.4506053 0.80869377 -0.7715199 -0.83518523 0.52612722 -0.33952069 -0.2362771 0.22982235 2.5560875 -0.28493431 -1.1439984 -0.89662093 -1.4393792 -0.74220115 -0.0066194539 1.3281687 0.68585461 0.80570012 0.83898109 
-0.40848553 0.13576464 -2.3909605 -0.47663662 -1.0112337 -0.62054825 1.7407813 0.33047587 -1.5654469 0.71474117 0.26236647 -0.17107376 -1.6585404 0.47710934 1.2498282 0.46465757 0.10087474 1.2982147 0.73205972 0.62588215 -0.24818085 -0.043282468 0.44766232 0.84030306 -0.20171988 1.171813 -1.1446066 -0.44454566 -0.19330034 -0.65751958 -0.33948547 0.41674909 0.17334424 -1.1623821 -0.17951417 -0.45247099 1.9865177 -1.4337947 0.29769966 -1.3817015 -1.3180544 -0.27488837 
-0.73741841 -0.55454791 -0.29746696 -1.0903226 -1.1512984 -0.07380943 -0.52538639 0.22613581 -0.74763989 0.88723451 1.1887633 0.95285159 0.38530922 -1.6970191 0.55116576 -1.0283577 -0.40241414 0.33876091 -0.17520863 0.99300647 -0.85739321 -1.1215856 -0.021712825 -0.19191949 0.44804808 2.819298 0.93697208 -0.14203978 -0.62555158 1.0990053 -1.6164585 0.11735015 0.50242734 1.3665439 1.1902657 0.022509517 -1.0097544 0.33979353 -1.1700115 1.6777519 1.4162985 2.1492367 
-1.1315281 -0.18180646 -1.282445 -0.78730071 -0.028411537 -0.30244306 0.76808488 0.93594939 0.057750531 0.49139929 0.47145894 0.95697057 -0.11832864 -0.58035284 1.6800269 0.59193796 0.39714742 0.40465111 -0.23397379 0.38666326 -0.16648352 0.29740909 0.30945539 -0.2333567 0.90204597 -0.24315199 -0.47454101 -1.4660956 -1.7837536 -0.50835955 -0.69272786 -1.5513953 -0.12930416 -1.7729652 1.2755642 -0.40064773 0.67010051 0.96857327 -0.10220511 0.12805159 0.39848554 0.63245428 
1.1171273 -0.68742204 0.01471595 0.43437257 -0.0011285692 -1.088939 -1.7255511 1.092369 0.60169649 2.0386388 0.69248456 -0.14504418 -0.21196339 0.96013999 1.0757843 -0.76168275 1.6595401 -1.9752487 -1.0217667 -1.6875621 0.66510642 0.89889801 0.27464756 0.6693576 -0.11832279 -0.026466535 1.0211618 0.54101223 -0.69386601 -0.1379261 -0.54053265 2.39468 -1.0952652 -1.2195784 1.3361707 0.56489992 -1.123705 -1.950105 1.2195635 0.0075982092 -0.98160791 -1.7611459 
2.6810496 -0.56516117 -0.17029962 -0.82542819 -0.83342636 0.43274495 0.1253401 1.2265874 1.3392367 -0.069320999 0.95912492 -0.83552754 -1.0794114 1.4961212 1.0962361 0.027248489 -0.13711308 0.96547806 0.15035893 -0.35083407 0.093396291 -2.0170865 1.2783574 0.65405691 -1.6993259 0.63626456 -0.33904728 -2.9513218 0.2727285 -0.29001325 1.4377179 0.47311983 0.53977352 -0.80891293 1.1881578 0.90558827 0.79969245 0.68017226 1.0725708 0.19664855 0.73235506 -0.75630242 
-0.85539198 0.65161324 2.7858794 -0.42339689 -0.040302575 -0.25818583 -0.54829752 -0.33635905 -0.94835418 -0.60819882 -0.40014264 0.0055917618 -1.226055 -0.78534424 1.3871794 1.3396989 -0.6725229 -0.76848257 0.36781025 -0.41718978 0.60265839 0.15424332 1.4100535 1.6191168 1.3556263 0.88772374 0.7856279 -1.6856905 -0.1198832 0.79248977 -0.88709295 0.84041941 0.073539168 -1.7271043 1.1597898 -2.0393791 -0.46970469 -0.91814202 -0.97657394 0.0079803988 -1.080958 1.3165547 
-1.0963899 -0.66141361 1.2174431 0.12397163 -0.85250849 -0.60315096 0.68295032 1.6123507 0.85640293 -0.25109711 1.2601343 -0.038990341 0.21292228 -0.85959888 0.22289822 0.018329568 0.86786044 1.6271085 -0.48144171 -0.47157872 -0.060500715 0.58601218 0.67896414 -1.6699322 -3.1410198 1.0008348 -0.28775313 -0.71635574 -0.55689424 -2.1214395 -0.70833975 0.11886879 0.52046484 -0.56023955 1.3737278 -0.35179007 1.5990736 -0.67648721 0.36022222 0.66804695 -0.43609235 -0.78748101 
0.039093714 -0.68121696 0.79841322 -0.16658306 -0.68985105 -1.2938197 -0.96487927 0.10596883 -0.13705903 1.166451 -0.24270815 -0.92626661 -0.64534897 -0.35658005 0.63170689 0.94089246 -0.31316456 2.0525894 0.73649037 -0.2491968 -0.46089795 0.37389952 -0.44767597 1.6346011 1.2968724 -0.22008848 3.033793 -1.4612458 0.45685768 0.34259343 -0.065664746 0.88633448 -0.25048706 0.44685575 1.1332891 -2.905874 2.5599511 0.65063792 -1.7481006 -0.88513911 0.41841671 -0.3858836 
-0.59703833 1.9424294 0.29904318 0.40344366 -0.28731126 0.18317334 2.0727308 0.38033837 -0.32508409 0.46884137 -0.13252908 -1.6622649 -0.25609943 0.43422025 1.5550215 -1.9151031 0.81167227 0.99714857 0.39386973 0.19425067 0.23603377 0.54166245 -0.69406909 0.46226084 0.92224956 0.65668756 1.2529421 -0.84015971 0.38450801 -0.45337975 -0.8622843 -1.691614 0.030027775 -0.54915196 -1.3236388 1.6962479 -0.55856919 0.58789074 -0.4269332 0.36003825 0.46203619 0.59105456 
0.37423164 -0.065649539 -0.68946296 1.632226 0.61983854 0.67172861 0.83078778 0.027303472 -1.3901223 1.6020496 0.74574924 -1.3341855 -0.42783538 0.077905804 0.44688094 0.21803005 0.25291577 -1.5698943 1.1795338 0.43686673 1.1453928 0.51169032 -0.4743441 0.75439805 -0.11830512 0.42488295 2.2593553 1.2337912 -0.11344179 1.0971181 -0.22355129 -1.0016929 0.83499223 -0.45463705 -0.37427792 0.53420448 -0.69270068 -0.66939849 0.053186618 -2.7402277 -0.58315986 -0.78944278 
0.74486089 -0.72113788 0.68291485 1.4652019 -1.1893727 -0.073496312 1.2265354 0.066246942 0.53505725 -1.40643 0.93782198 -1.4120774 -0.53482807 -0.16768141 -0.2345093 -0.50337172 0.58602321 -0.71532565 -0.081298716 -0.14647903 -0.20676629 -0.56958938 -0.58442718 1.7134087 -0.39877659 -1.1610374 -2.9117506 -0.62968105 -0.58581936 0.085998423 -0.92800623 0.36609748 0.16271421 -2.3047686 -2.136178 -0.63296396 -0.32774791 1.9242351 -0.54782152 -0.0031584629 0.18217915 -0.11238358 
1.0235538 0.16441323 0.41074005 0.84629911 0.13154076 -1.4249257 -0.036034372 -0.043638028 -0.20231311 -1.1762526 -0.049950708 -1.355058 -0.024797462 -1.4747162 -1.6747684 -0.47686014 0.54898703 0.40016589 -0.62048817 -0.44466472 -0.39619884 0.36040577 0.89835149 -0.91326171 0.14201133 -0.74903578 0.30871052 0.36962306 -0.4573485 0.80795848 -1.0152633 -0.28147665 2.125469 -0.33161455 1.0797971 0.18822882 2.400111 -1.3141958 -1.8324155 -1.5769852 -0.62660271 -1.6026949 
-1.0836952 -0.56285107 1.0476151 0.15723123 0.59550011 -2.1274648 -1.0553305 1.2237562 0.36121255 0.13773637 1.4183304 1.8621255 0.27895346 1.1625969 -0.0050942665 0.1940445 -1.2069845 0.24598201 -1.9099033 -2.5390863 0.61767709 1.2390143 -0.64850998 -0.48874712 0.2737689 -0.13873558 0.54797691 -0.96970499 -0.66691661 -1.7077395 -0.31091937 0.20995702 0.72973055 -0.17989492 -1.5828928 0.5263598 -2.6681581 -1.0753372 1.198934 1.1792368 2.4416618 -1.4927406 
-0.30287239 -0.94017589 0.89824694 -0.033922717 1.085426 1.626016 -0.45250326 -1.7813332 -1.8368279 0.86459279 -1.2629025 -0.60112983 -0.38060006 0.38874131 -0.86671251 -0.47861636 0.51319122 -0.17945299 -0.87656665 0.65836787 -0.78162026 -0.24402165 -0.30788469 -1.1917921 -0.66324145 -1.3384455 -0.96245694 -1.1338201 0.80134201 -0.74870747 1.9153582 1.7941033 0.95954239 1.4283789 -0.36313242 0.91862649 -0.46994847 0.0051065767 0.2109286 -2.0782485 -0.20150472 0.0026128839 
1.055732 0.58818996 0.48291865 0.24309233 -0.63664895 -1.1720556 -0.63823259 0.87183905 1.0883311 -0.67350411 -0.046475217 -0.47912785 0.06843508 -1.0588222 -0.30961329 -0.29641411 -0.52606142 0.79953086 0.50948769 -0.063703492 -0.74355292 3.549125 0.83974075 -0.93637955 0.37527812 -1.1348611 0.97634959 0.15874124 0.15268458 -0.26727927 1.2354504 0.38176289 0.68011332 -0.090114661 0.50691217 -0.46597496 -1.4583939 1.9953072 -0.24237439 -2.4916065 1.2948354 1.1945091 
-0.33201453 -1.6922308 0.44617274 -0.11553835 0.6127854 0.17682032 1.0395948 0.85562772 -0.35724923 -0.49632493 0.051494084 0.17146103 -1.7271984 0.45177802 -1.1488514 -0.17331479 0.64377958 -0.20729388 1.2173041 1.6048791 -0.20668535 2.7030435 0.88328874 0.20463194 -0.54637218 -1.8553306 0.42253464 0.056104682 0.37491065 0.71694314 -0.3292709 -1.8237652 1.5945697 -0.2668719 0.61761463 0.43952093 -0.34522989 -0.17559098 0.9153316 -1.0516231 -2.9658384 1.2552536 
-0.48474368 -1.6003319 -0.79286104 0.61257851 -1.5787596 0.20385221 1.4308858 1.0287018 -0.950463 -0.73299915 -0.67722952 0.133066 -0.74208343 0.090964042 -0.029687708 0.20694482 -0.38308182 -0.024001962 2.2096303 0.60940421 -1.0723739 0.76853228 -0.26004505 -0.013821443 0.0049750521 0.0022780218 -0.70827144 0.33266532 -0.17552961 0.022758294 1.174552 -1.5122942 -0.0084575517 0.28392735 -1.1728959 -0.18217684 0.43755415 -0.20348652 0.23947468 -0.10911949 -0.28142068 1.4249226 
-0.31867236 0.40231398 1.2039618 -0.90806466 -0.24462602 0.092554845 0.40014327 -0.50373316 0.64475405 -1.1172577 0.052534387 0.2448356 0.94155562 -0.9907068 0.50309777 -0.28842288 0.36358321 -0.14164987 0.93881696 0.83484197 -0.55274999 -0.51925057 -0.032603625 0.38269639 0.55426741 -0.70421535 0.20519224 -0.64633214 -0.59000468 0.71745259 0.98903322 0.80920422 0.65437382 1.2365766 -0.07720533 -1.7595671 0.39613453 0.57621872 -0.37721521 1.8849747 -1.1757126 0.51064903 
0.097757615 -0.17715764 -1.3813087 -2.9133618 0.55978453 0.1290106 1.393368 2.0261407 1.0007132 -0.44722617 1.8231769 -0.39217299 -2.833142 0.9522351 -0.20599966 1.2084626 -0.13397454 0.72980708 0.49115467 0.522699 -2.101084 0.22973862 -0.15583466 1.5868006 1.3884823 -1.9708865 1.1847547 -0.67751092 0.84994769 1.6940377 -1.5395406 -0.4801881 -0.46310362 -0.49228019 -0.32320061 -1.9177856 0.12426982 0.31433594 -0.80389631 0.70860684 -2.5023322 -0.48978606 
1.4301598 -0.68121439 -1.7451729 0.068187468 -0.14195049 -0.29487243 0.97952569 -1.1288868 -1.6849908 0.88117582 0.91380435 -0.41175541 -0.39644065 -1.344654 0.55544841 -0.70003116 -0.20635429 -0.5657804 0.70446962 -0.023068307 -0.68028504 0.43913698 -1.1126556 -2.7741208 1.9179896 0.2442068 1.8134865 -3.4503906 0.46188924 0.55779153 1.0768766 -0.1341123 0.15050554 -1.2559007 2.3190839 1.8724114 -0.6968897 -0.83731991 -1.0130265 0.55717069 0.96905893 1.9641713 
2.5200596 0.43520331 0.094841287 -0.47423229 1.4098294 -0.91150963 0.96786898 -1.9552543 -1.1418986 0.74620616 -1.3830876 -0.41921145 -0.024186697 -0.074202605 0.080427885 -0.40110254 0.24044812 -1.2483813 1.3813956 -0.048846133 -0.013852117 0.88774824 -0.061085142 0.74111688 0.22697327 0.14824143 1.3426387 0.97805333 -0.75468171 1.9766823 2.0149379 -2.1257186 -0.9709546 0.88294607 0.4388544 0.19759528 0.54238546 -0.38645965 0.44256866 0.55922556 0.95136082 -1.2618967 

